256000
927744
880647
634889
923662
915473
917533
682014
931871
288801
903202
923438
499757
1173551
1135624
722994
602166
690231
847930
479291
868418
741443
464965
456775
921672
839753
505931
239696
927826
729172
917590
921689
950368
915554
903267
923750
628842
921708
704622
534642
659571
227446
788599
919672
915578
1153533
585852
897149
733310
734229
919685
1163399
932204
917643
915821
917986
960671
919712
408944
671906
925860
1147045
1038502
585896
647338
930162
665777
1335475
917685
915638
749751
916852
932027
929981
917695
846022
927947
614606
923858
917716
612566
927961
639195
729312
368875
915696
1206513
919794
1181949
766207
1188102
792840
971024
250131
758037
932119
925981
928030
360738
876837
940327
926428
760111
915760
915764
588085
319799
915769
788794
264507
916759
1022273
788802
1149252
815431
930122
252239
785011
1288532
555349
282967
786777
760161
494310
919910
309612
649618
1007327
932209
1382770
1081747
459128
1114489
921981
371072
917890
833923
917893
932233
917570
928142
317842
915859
231828
917910
743832
872858
661915
356767
631204
743846
762281
1161642
919985
694713
600507
336316
811455
666053
932294
915912
520650
930255
444152
932312
719322
728143
475271
767397
915878
917987
569829
926184
915947
430573
917999
245160
926196
932349
512510
643584
569860
739853
931245
985625
614941
930338
686629
633382
809511
932393
907822
926261
924218
531011
926282
842324
916053
258650
938119
922205
1350239
467552
648635
817764
727654
582759
432749
1401455
961136
1237619
266868
279158
1047373
1364606
754304
1174151
510600
340618
871053
914065
1168018
922265
1190554
932507
789148
715205
932512
549541
385702
471719
924328
615086
899528
916146
395965
445122
309367
1342158
916175
1344210
932567
1149658
377295
410332
928483
828134
916207
916208
924404
926454
575615
658175
793346
307973
654086
490249
639754
1264399
924803
827182
922397
1387296
998177
471847
1397212
611115
601717
1227571
617268
1012535
824120
924483
834373
531276
383821
926547
725844
228189
893790
932704
916324
406373
254824
926578
316277
588285
549756
723841
1354628
390024
916361
926983
498572
877457
922435
265114
916381
693155
293798
1207230
271273
689066
285613
920498
925407
507380
265147
914364
742870
390080
914369
668610
926662
248778
922571
636843
756557
797648
760785
517074
1414100
443349
924630
916441
1006555
1287142
916455
1037295
932848
924659
383988
1354126
306167
877560
930815
675329
920607
916493
916497
676885
713751
1334296
318494
241157
1160225
572742
556069
291879
930858
916529
420702
732214
924727
924728
863289
453694
1429962
916557
721421
932945
228437
1154134
1231961
739855
498785
519271
410733
480366
916328
930930
930067
881784
846977
932995
916613
740487
916997
754831
933009
666774
558231
1049753
554138
918688
275617
758955
983922
648369
283832
279740
926914
902341
664774
787658
896205
662734
808141
1184983
916699
916703
924896
771299
916714
1201396
290686
634105
924923
320765
384255
662784
279809
662786
738563
1389829
408839
445705
920847
546064
769298
933139
922903
1123611
683293
1411693
233691
259364
650801
916776
711977
838536
924981
918840
927033
1133882
875837
771390
431423
920897
916805
924998
625992
830793
652631
413019
583004
795997
922983
279916
931184
717737
734580
916853
726391
1238395
915691
920964
796041
361871
308624
595345
1209747
413078
933277
873889
1238437
652712
454057
442610
578992
409009
929207
923067
462269
581059
409028
851401
478671
722384
648661
918998
963833
1326553
370597
927203
1154539
697843
923124
679415
885332
923137
908803
300549
871942
730631
1183242
933387
533762
267791
364051
929301
915919
927260
914975
626209
810531
1220870
271912
695849
917034
234759
650796
1267246
933423
923184
605745
931384
1062459
564804
652869
294470
280136
1320887
927311
928810
855638
1390167
919133
517392
474724
390757
360041
1089131
454259
630388
734837
284282
521851
866831
1179264
928704
1097346
925315
928705
626314
456983
921228
644749
1035918
926317
362129
923282
835223
358040
927385
1207968
915106
947876
625606
478891
622252
358062
915120
915122
700083
917175
919228
906489
919157
423617
917191
923338
458444
1322701
470734
806608
915155
407252
646871
923353
915167
1055113
751227
345831
403180
931570
415475
296692
638712
657145
657146
925435
381568
1255177
663317
435994
986907
872221
448286
923428
927534
915250
689975
917304
925497
915260
923453
491326
498997
786245
923466
264011
649037
915278
917330
915284
778071
585563
952159
499557
601967
411507
757629
466814
950899
917380
814983
915336
579467
264077
249744
1200017
915347
651929
915352
915354
922607
769349
931744
635888
378786
554310
876454
925607
758428
763819
925613
550216
274359
411578
247739
919882
333761
384977
468953
866267
915422
646821
1234912
931812
559083
1177589
657398
378871
1187838