634889
923662
929323
915481
917533
931871
288801
923438
499757
1173551
931890
479291
741443
921672
839753
239696
927826
923734
921689
917597
903267
925796
923750
242705
628842
921708
915565
915575
915578
919685
1163399
309612
917643
915601
239765
923798
919704
919712
1147045
1038502
647338
1382770
1335475
917685
932027
1226940
929981
917695
846022
614606
923858
917716
612566
1206513
1181949
925954
792840
915159
971024
923922
250131
932119
928030
792966
940327
926428
722994
915762
915764
588085
319799
557369
264507
917820
915776
1022273
927744
917837
756109
526673
282967
786777
1366365
250218
932204
930162
915859
751988
459128
924030
917890
917893
915846
932233
917570
1081747
917910
1048995
743846
762281
1169836
317869
982645
612786
358837
694713
600507
336316
682433
715205
932294
915912
395723
930255
638712
932312
728143
569824
917987
259364
915947
725074
917999
1161642
512510
929387
569860
739853
915885
694361
915994
264731
614941
930338
633382
932393
926261
924218
920128
404037
932425
926282
922191
451157
928527
938119
922205
1350239
467552
582759
432749
961136
1237619
266868
610934
930428
1364606
920191
242305
1174151
510600
1168018
930453
922265
1190554
932507
932512
926371
549541
385702
924328
916146
1429962
778936
916161
916175
1344210
1149658
377295
928483
828134
916207
916208
924404
307973
1264399
1387296
998177
824099
1227571
1012535
928568
922435
834373
658231
824120
926547
832655
893790
928607
932704
916324
406373
254824
921404
486257
926578
921216
1215356
723841
916361
926983
932752
924483
265114
922528
1207230
689066
920498
926196
914364
926662
922571
916836
760785
1414100
924630
916441
1006555
1176271
916455
1037295
932848
306167
877560
915626
930815
549893
920607
1032023
916497
431123
676885
318494
1160225
930851
556069
291879
930858
925191
420702
924728
863289
1037496
453694
916557
932945
228437
1154134
1231961
443488
930914
943203
519271
400489
916328
930930
930067
915769
932995
926858
916997
783554
754831
933009
666774
918688
924837
919794
928969
926914
902341
1242313
928972
662734
916689
282830
1184983
916699
916700
1353452
662758
920807
916715
916932
669566
634105
924923
320765
279809
662786
738563
1389829
920847
546064
933139
916757
714006
922903
1123611
683293
924881
916776
711977
1154348
1174833
924981
918840
927033
875837
431423
920897
916805
924998
1174862
925240
413019
583004
795997
931168
922983
279916
920942
931184
927094
932349
742796
595345
1209747
925077
1025432
933277
916037
873889
1238437
931245
409009
929207
462269
720117
915360
562628
931276
722384
917411
648661
918998
963833
1326553
927203
933348
1154539
697843
923124
679415
885332
923137
300549
730631
794121
933387
595472
929301
847928
927260
929081
914975
965566
917034
234759
933423
605745
931384
280136
927311
917073
928810
919133
265147
390757
360039
1089131
913006
915058
630388
360041
284282
1179264
928704
1097346
925315
923272
456983
921228
644749
926317
923282
358040
927385
1207968
947876
1031853
358062
915122
917175
269940
919228
919157
1214146
279158
917191
923338
1109707
458444
663254
923353
929498
915167
1055113
926184
345831
915189
657145
925435
381568
640773
1255177
925450
1087250
1230855
435994
448286
927521
923428
927534
915250
927027
925497
915260
923453
491326
923466
649037
920205
915284
585563
499557
917354
463847
601967
411507
915336
915347
931735
915352
915354
922607
769349
931744
378786
616355
554310
876454
925607
274359
726969
333761
921543
372685
866267
915422
1234912
931812
559083
628719
1177589
657398
915447
1198073
644095
1187838