700164
1003275
407631
696082
701743
687901
689953
704291
61539
272497
945971
495736
620672
252031
689990
514186
694092
612497
12434
497816
696154
467103
690017
676011
698216
696170
688917
401584
694128
687985
687995
687998
692105
710539
704624
690063
688021
12503
696218
692124
692132
919465
810922
420080
1155190
1107895
690105
704447
999360
702401
690115
618766
387347
696278
690136
385307
688595
978933
692214
703278
698374
565583
743444
696342
22869
704539
700450
565709
712747
704310
688182
688184
360826
92537
330110
37245
690240
688196
794693
690257
299413
55705
559520
1138785
22956
82350
702582
854167
524731
231868
696450
690310
690313
688266
827533
528852
688279
690330
821415
516589
535024
934062
942256
90607
385527
131576
467455
373248
109055
455175
487947
704714
688332
1202382
168462
150034
704732
342565
690407
698604
688367
700246
690419
698616
704769
285250
701807
342601
512596
688305
694109
688414
37469
387682
702758
406124
704813
698681
696638
692548
176776
704845
698702
694611
658076
223897
1036819
694625
1122659
240292
292011
698737
733556
1010039
39606
51896
702848
1137026
692611
154307
15043
946571
283340
692625
940438
702873
694685
962974
704927
704932
698791
322282
158441
696748
688566
551679
688581
948691
1116630
922078
702675
698848
700903
600878
688627
688628
696824
80711
700947
699954
1159716
770597
596842
935819
999991
430973
596863
696903
607117
784955
700988
698967
527574
193441
701027
705124
688744
179112
688748
687680
258997
698998
987776
496583
688781
705172
694855
37852
694948
461808
692918
37885
687108
979650
701124
699082
694991
533528
1186520
697050
688861
778975
688875
695027
705268
78905
650304
688046
416837
322634
804443
15443
203863
449627
91232
693027
932645
703271
328810
64617
701230
697611
666534
697148
636033
226434
688977
500886
705365
1175
926554
1004381
216228
703334
715623
355500
173228
27562
703350
705415
699278
689417
699334
605399
705429
439516
691108
697257
1014733
809916
556297
675085
701389
701392
435476
697301
55568
957403
689119
689120
435500
689109
689135
689352
492859
736253
697343
93503
52547
435528
511306
1162249
699403
693267
318805
705559
689177
486748
695323
896031
456035
32102
689196
484719
926768
947253
699447
697401
691260
699453
648581
204163
693317
542092
327051
947282
697660
185758
355745
568740
703588
689256
695403
693227
52654
693362
703604
699514
515539
368086
982167
697497
797852
705697
688457
646633
1010857
703665
181748
701627
235009
704164
335369
703696
495126
689831
421403
691418
406847
1098973
699623
705768
926959
954369
470585
695544
452157
695557
73287
503374
566864
705807
368213
701721
699680
701501
687395
737986
689454
7497
705843
378486
703804
52874
699731
689493
691553
163496
132778
132780
861551
685750
687478
702487
403130
755065
57020
693636
869766
697735
695692
229723
693648
417491
205489
695702
130779
699805
980388
720296
804273
130801
687542
689595
42678
691648
691577
986566
383675
689611
704653
695758
882127
231184
435996
687579
695773
701918
687587
118570
1125872
687609
411454
429887
697855
951684
413515
1027597
697870
859670
208734
221026
699941
695848
695858
687670
697917
693824
695873
264066
695886
421779
687704
688189
358304
272297
689774
236587
374708
184246
442308
687756
687767
704155
687772
687774
809715
689225
687780
151525
389096
697418
649198
698027
47097
499711
106500
693963
145424
639011
687842
1007332
704232
331824
401461
950009
430140
687867
970493
703235
960258